Phi: 17.874165768986163
actv_func: softmax
asso_lr_multiplier: 0.9996800409371673
attn_constraint: sumtoone
attn_lr_multiplier: 1.0068052996511714
beta: 4.5154889428487275
center_lr_multiplier: 0.9997859522614414
config_version: best_config_sub10
from_logits: true
lr: 0.3009291528449219
num_clusters: 8
num_repetitions: 16
num_subs: 23
q: 1
r: 2
random_seed: 999
specificity: 0.6022934981668926
temp1: equivalent
temp2: 0.3013344781254298
thr: -0.4550140474473335
trainable_specificity: false
unsup_rule: threshold
