Phi: 14.972109269097743
actv_func: softmax
asso_lr_multiplier: 1.0
attn_constraint: sumtoone
attn_lr_multiplier: 0.5
beta: 3.618014980429093
center_lr_multiplier: 1.0
config_version: hyper2313_sub21_fit-human
from_logits: true
lr: 0.5958718218931861
num_clusters: 8
num_repetitions: 16
num_subs: 23
q: 1
r: 2
random_seed: 999
specificity: 0.7108636531139656
temp1: equivalent
temp2: 0.20006378933650612
thr: 0.5073553900793655
trainable_specificity: false
unsup_rule: threshold
