Phi: 21.0286570473977
actv_func: softmax
asso_lr_multiplier: 1.0
attn_constraint: sumtoone
attn_lr_multiplier: 1.0
beta: 5.492182891392098
center_lr_multiplier: 1.0
config_version: hyper3297_sub23_fit-human
from_logits: true
lr: 0.695676094584931
num_clusters: 8
num_repetitions: 16
num_subs: 23
q: 1
r: 2
random_seed: 999
specificity: 0.6068063948176025
temp1: equivalent
temp2: 0.4963980576795016
thr: 0.5985314294520601
trainable_specificity: false
unsup_rule: threshold
