Phi: 15.00625373962148
actv_func: softmax
asso_lr_multiplier: 1.0
attn_constraint: sumtoone
attn_lr_multiplier: 0.9997384904105441
beta: 3.9971152453845638
center_lr_multiplier: 1.0
config_version: best_config_sub21
from_logits: true
lr: 0.5007533398178012
num_clusters: 8
num_repetitions: 16
num_subs: 23
q: 1
r: 2
random_seed: 999
specificity: 0.700744013454178
temp1: equivalent
temp2: 0.2997781179041609
thr: -0.549960886827673
trainable_specificity: false
unsup_rule: threshold
