Phi: 14.018327986974871
actv_func: softmax
asso_lr_multiplier: 1.0
attn_constraint: sumtoone
attn_lr_multiplier: 5.0
beta: 5.995772230015218
center_lr_multiplier: 1.0
config_version: hyper3578_sub06_fit-human
from_logits: true
lr: 0.9995923023478916
num_clusters: 8
num_repetitions: 16
num_subs: 23
q: 1
r: 2
random_seed: 999
specificity: 0.6000482373529062
temp1: equivalent
temp2: 0.8033294691511331
thr: 0.5501759203989207
trainable_specificity: false
unsup_rule: threshold
