Phi: 17.886853650995825
actv_func: softmax
asso_lr_multiplier: 1.0
attn_constraint: sumtoone
attn_lr_multiplier: 5.0
beta: 5.015675135957265
center_lr_multiplier: 1.0
config_version: hyper1347_sub10_fit-human
from_logits: true
lr: 0.2011382248121247
num_clusters: 8
num_repetitions: 16
num_subs: 23
q: 1
r: 2
random_seed: 999
specificity: 0.6019726354097322
temp1: equivalent
temp2: 0.2014620985463977
thr: 0.40534248145622315
trainable_specificity: false
unsup_rule: threshold
