Phi: 16.50902176365386
actv_func: softmax
asso_lr_multiplier: 1.0
attn_constraint: sumtoone
attn_lr_multiplier: 0.5
beta: 4.752421213736403
center_lr_multiplier: 1.0
config_version: hyper2205_sub22_fit-human
from_logits: true
lr: 0.30536059314263764
num_clusters: 8
num_repetitions: 16
num_subs: 23
q: 1
r: 2
random_seed: 999
specificity: 0.5504447568918495
temp1: equivalent
temp2: 0.2863445818071918
thr: 0.4514268706928711
trainable_specificity: false
unsup_rule: threshold
