Phi: 16.02396524872134
actv_func: softmax
asso_lr_multiplier: 1.0
attn_constraint: sumtoone
attn_lr_multiplier: 0.5
beta: 4.9921670598931644
center_lr_multiplier: 1.0
config_version: hyper2988_sub09_fit-human
from_logits: true
lr: 0.5997207366497388
num_clusters: 8
num_repetitions: 16
num_subs: 23
q: 1
r: 2
random_seed: 999
specificity: 0.4000449987346846
temp1: equivalent
temp2: 0.20007053848291376
thr: 0.5500617101298537
trainable_specificity: false
unsup_rule: threshold
