Phi: 13.213901016673454
actv_func: softmax
asso_lr_multiplier: 1.0
attn_constraint: sumtoone
attn_lr_multiplier: 5.0
beta: 3.4418342270842386
center_lr_multiplier: 1.0
config_version: hyper3551_sub07_fit-human
from_logits: true
lr: 1.1144789258383274
num_clusters: 8
num_repetitions: 16
num_subs: 23
q: 1
r: 2
random_seed: 999
specificity: 0.5927615348977235
temp1: equivalent
temp2: 0.8231475483941509
thr: 0.4616801465464772
trainable_specificity: false
unsup_rule: threshold
