Phi: 9.99966994016721
actv_func: softmax
asso_lr_multiplier: 0.9999732594167396
attn_constraint: sumtoone
attn_lr_multiplier: 0.9999229019065679
beta: 4.499923237067868
center_lr_multiplier: 1.0000107937045681
config_version: best_config_sub24
from_logits: true
lr: 0.7000467748996952
num_clusters: 8
num_repetitions: 16
num_subs: 23
q: 1
r: 2
random_seed: 999
specificity: 0.30000774308784184
temp1: equivalent
temp2: 0.5000595671254612
thr: -0.5000597514668931
trainable_specificity: false
unsup_rule: threshold
