Phi: 18.023980699181237
actv_func: softmax
asso_lr_multiplier: 0.9999990006919166
attn_constraint: sumtoone
attn_lr_multiplier: 1.0044567381963985
beta: 5.492166387140209
center_lr_multiplier: 1.000000252330354
config_version: best_config_sub09
from_logits: true
lr: 0.39972056777190645
num_clusters: 8
num_repetitions: 16
num_subs: 23
q: 1
r: 2
random_seed: 999
specificity: 0.30004479873344114
temp1: equivalent
temp2: 0.30007054527924215
thr: -0.600061662593212
trainable_specificity: false
unsup_rule: threshold
