Phi: 9.99018581606161
actv_func: softmax
asso_lr_multiplier: 1.0
attn_constraint: sumtoone
attn_lr_multiplier: 1.0007494410140354
beta: 5.999813158693893
center_lr_multiplier: 1.0
config_version: best_config_sub17
from_logits: true
lr: 0.600647166329487
num_clusters: 8
num_repetitions: 16
num_subs: 23
q: 1
r: 2
random_seed: 999
specificity: 0.39999686680251895
temp1: equivalent
temp2: 0.6991998504733611
thr: -0.4006902666133133
trainable_specificity: false
unsup_rule: threshold
