Phi: 20.37330687029158
actv_func: softmax
asso_lr_multiplier: 0.9999968783322519
attn_constraint: sumtoone
attn_lr_multiplier: 0.5163710920820654
beta: 4.735587303397218
center_lr_multiplier: 1.0000025559622978
config_version: best_config_sub22
from_logits: true
lr: 0.19497835392610902
num_clusters: 8
num_repetitions: 16
num_subs: 23
q: 1
r: 2
random_seed: 999
specificity: 0.7405580387169481
temp1: equivalent
temp2: 0.40528268227175546
thr: -0.49759668970798
trainable_specificity: false
unsup_rule: threshold
