Phi: 13.0933719417318
actv_func: softmax
asso_lr_multiplier: 1.0
attn_constraint: sumtoone
attn_lr_multiplier: 0.5
beta: 5.835521020746198
center_lr_multiplier: 1.0
config_version: hyper2214_sub12_fit-human
from_logits: true
lr: 0.696729112290614
num_clusters: 8
num_repetitions: 16
num_subs: 23
q: 1
r: 2
random_seed: 999
specificity: 0.2928185957121249
temp1: equivalent
temp2: 0.5041764885646282
thr: 0.5538640305396783
trainable_specificity: false
unsup_rule: threshold
