Phi: 12.008854216482693
actv_func: softmax
asso_lr_multiplier: 1.0039909112726604
attn_constraint: sumtoone
attn_lr_multiplier: 0.9490588728788976
beta: 5.696719798527457
center_lr_multiplier: 0.993821349436887
config_version: best_config_sub18
from_logits: true
lr: 0.3999594568491091
num_clusters: 8
num_repetitions: 16
num_subs: 23
q: 1
r: 2
random_seed: 999
specificity: 0.7219289127540789
temp1: equivalent
temp2: 0.49097570175741245
thr: -0.5836190421352594
trainable_specificity: false
unsup_rule: threshold
