Phi: 9.440035629366257
actv_func: softmax
asso_lr_multiplier: 1.0
attn_constraint: sumtoone
attn_lr_multiplier: 1.0
beta: 5.546631311284594
center_lr_multiplier: 1.0
config_version: hyper1045_sub18_fit-human
from_logits: true
lr: 0.30484371146002154
num_clusters: 8
num_repetitions: 16
num_subs: 23
q: 1
r: 2
random_seed: 999
specificity: 0.8163088288113872
temp1: equivalent
temp2: 0.50109482128739
thr: 0.5754452637624647
trainable_specificity: false
unsup_rule: threshold
