Phi: 5.689595558458143
actv_func: softmax
asso_lr_multiplier: 1.0
attn_constraint: sumtoone
attn_lr_multiplier: 5.0
beta: 6.278604637378268
center_lr_multiplier: 1.0
config_version: hyper726_sub05_fit-human
from_logits: true
lr: 0.11365656716092676
num_clusters: 8
num_repetitions: 16
num_subs: 23
q: 1
r: 2
random_seed: 999
specificity: 1.661693118112836
temp1: equivalent
temp2: 0.08741719132849322
thr: 0.6593500651093562
trainable_specificity: false
unsup_rule: threshold
