Phi: 23.623848504843078
actv_func: softmax
asso_lr_multiplier: 1.0
attn_constraint: sumtoone
attn_lr_multiplier: 0.5
beta: 5.171044574037129
center_lr_multiplier: 1.0
config_version: hyper851_sub04_fit-human
from_logits: true
lr: 0.10849886801702244
num_clusters: 8
num_repetitions: 16
num_subs: 23
q: 1
r: 2
random_seed: 999
specificity: 0.6021181723618023
temp1: equivalent
temp2: 0.8206009697668525
thr: 0.47072028434318847
trainable_specificity: false
unsup_rule: threshold
