Phi: 12.002769917593046
actv_func: softmax
asso_lr_multiplier: 1.0002152087143465
attn_constraint: sumtoone
attn_lr_multiplier: 0.9999138496015941
beta: 5.998428159294545
center_lr_multiplier: 1.0000440143349782
config_version: best_config_sub06
from_logits: true
lr: 0.7998754140615612
num_clusters: 8
num_repetitions: 16
num_subs: 23
q: 1
r: 2
random_seed: 999
specificity: 0.6999700611329014
temp1: equivalent
temp2: 0.6999631668103524
thr: -0.5501117076102482
trainable_specificity: false
unsup_rule: threshold
