Phi: 18.026801699317364
actv_func: softmax
asso_lr_multiplier: 1.0
attn_constraint: sumtoone
attn_lr_multiplier: 0.5
beta: 5.501925623365295
center_lr_multiplier: 1.0
config_version: hyper123_sub11_fit-human
from_logits: true
lr: 0.20580999187954369
num_clusters: 8
num_repetitions: 16
num_subs: 23
q: 1
r: 2
random_seed: 999
specificity: 0.3070344432118353
temp1: equivalent
temp2: 0.5074028475597699
thr: 0.36102263525078404
trainable_specificity: false
unsup_rule: threshold
