Phi: 15.000618161054323
actv_func: softmax
asso_lr_multiplier: 1.0
attn_constraint: sumtoone
attn_lr_multiplier: 1.0000142969409276
beta: 4.5015586473236215
center_lr_multiplier: 1.0
config_version: best_config_sub14
from_logits: true
lr: 0.4997395014761019
num_clusters: 8
num_repetitions: 16
num_subs: 23
q: 1
r: 2
random_seed: 999
specificity: 0.5000039213875733
temp1: equivalent
temp2: 0.39996563746827357
thr: -0.5509268761594066
trainable_specificity: false
unsup_rule: threshold
