Phi: 15.886853650995825
actv_func: softmax
asso_lr_multiplier: 1.0
attn_constraint: sumtoone
attn_lr_multiplier: 0.5
beta: 4.015675135957265
center_lr_multiplier: 1.0
config_version: hyper2207_sub10_fit-human
from_logits: true
lr: 0.4011382248121247
num_clusters: 8
num_repetitions: 16
num_subs: 23
q: 1
r: 2
random_seed: 999
specificity: 0.5019726354097322
temp1: equivalent
temp2: 0.4014620985463977
thr: 0.40534248145622315
trainable_specificity: false
unsup_rule: threshold
