Phi: 17.91235818442371
actv_func: softmax
asso_lr_multiplier: 1.0
attn_constraint: sumtoone
attn_lr_multiplier: 1.0
beta: 5.752083869081419
center_lr_multiplier: 1.0
config_version: hyper1102_sub15_fit-human
from_logits: true
lr: 0.20230290269667103
num_clusters: 8
num_repetitions: 16
num_subs: 23
q: 1
r: 2
random_seed: 999
specificity: 0.5034341538593745
temp1: equivalent
temp2: 0.4936933296697533
thr: 0.5507078539472612
trainable_specificity: false
unsup_rule: threshold
