Phi: 5.604706849012583
actv_func: softmax
asso_lr_multiplier: 0.9965554465420249
attn_constraint: sumtoone
attn_lr_multiplier: 6.924244653188847
beta: 5.076002416649518
center_lr_multiplier: 0.8424136111422991
config_version: best_config_sub05
from_logits: true
lr: 0.03611268573073979
num_clusters: 8
num_repetitions: 16
num_subs: 23
q: 1
r: 2
random_seed: 999
specificity: 0.8651440566245769
temp1: equivalent
temp2: 0.013535825699156543
thr: -0.34061977881508987
trainable_specificity: false
unsup_rule: threshold
