Phi: 8.127031275822503
actv_func: softmax
asso_lr_multiplier: 1.0
attn_constraint: sumtoone
attn_lr_multiplier: 1.2957394322490874
beta: 2.483645212590697
center_lr_multiplier: 1.0
config_version: best_config_sub20
from_logits: true
lr: 0.05523839869541165
num_clusters: 8
num_repetitions: 16
num_subs: 23
q: 1
r: 2
random_seed: 999
specificity: 2.0027557962255127
temp1: equivalent
temp2: 0.1280172781552363
thr: -0.38909318661990744
trainable_specificity: false
unsup_rule: threshold
