Phi: 9.818100405634404
actv_func: softmax
asso_lr_multiplier: 1.0
attn_constraint: sumtoone
attn_lr_multiplier: 0.5
beta: 3.9584832512333925
center_lr_multiplier: 1.0
config_version: hyper2997_sub24_fit-human
from_logits: true
lr: 0.9123363095140657
num_clusters: 8
num_repetitions: 16
num_subs: 23
q: 1
r: 2
random_seed: 999
specificity: 0.19876625800141576
temp1: equivalent
temp2: 0.40400984984479593
thr: 0.5587371884506827
trainable_specificity: false
unsup_rule: threshold
