Phi: 21.002603157732715
actv_func: softmax
asso_lr_multiplier: 1.0
attn_constraint: sumtoone
attn_lr_multiplier: 5.009435315895465
beta: 5.053171603981948
center_lr_multiplier: 1.0
config_version: best_config_sub08
from_logits: true
lr: 0.2953175760070871
num_clusters: 8
num_repetitions: 16
num_subs: 23
q: 1
r: 2
random_seed: 999
specificity: 0.49877864804580846
temp1: equivalent
temp2: 0.8219180156599907
thr: -0.4496583737915973
trainable_specificity: false
unsup_rule: threshold
