Phi: 7.818100405634404
actv_func: softmax
asso_lr_multiplier: 1.0
attn_constraint: sumtoone
attn_lr_multiplier: 1.0
beta: 4.9584832512333925
center_lr_multiplier: 1.0
config_version: hyper323_sub24_fit-human
from_logits: true
lr: 0.5123363095140658
num_clusters: 8
num_repetitions: 16
num_subs: 23
q: 1
r: 2
random_seed: 999
specificity: 0.39876625800141574
temp1: equivalent
temp2: 0.6040098498447959
thr: 0.4587371884506826
trainable_specificity: false
unsup_rule: threshold
