Phi: 17.922144177854506
actv_func: softmax
asso_lr_multiplier: 1.0
attn_constraint: sumtoone
attn_lr_multiplier: 0.48037764109492387
beta: 4.9923133802117405
center_lr_multiplier: 1.0
config_version: best_config_sub11
from_logits: true
lr: 0.40539824146016123
num_clusters: 8
num_repetitions: 16
num_subs: 23
q: 1
r: 2
random_seed: 999
specificity: 0.3066378078754511
temp1: equivalent
temp2: 0.6064032615312547
thr: -0.35995057208608805
trainable_specificity: false
unsup_rule: threshold
