Phi: 18.02396524872134
actv_func: softmax
asso_lr_multiplier: 1.0
attn_constraint: sumtoone
attn_lr_multiplier: 1.0
beta: 5.9921670598931644
center_lr_multiplier: 1.0
config_version: hyper1069_sub09_fit-human
from_logits: true
lr: 0.29972073664973875
num_clusters: 8
num_repetitions: 16
num_subs: 23
q: 1
r: 2
random_seed: 999
specificity: 0.2000449987346846
temp1: equivalent
temp2: 0.30007053848291376
thr: 0.6000617101298538
trainable_specificity: false
unsup_rule: threshold
