Phi: 15.0933719417318
actv_func: softmax
asso_lr_multiplier: 1.0
attn_constraint: sumtoone
attn_lr_multiplier: 1.0
beta: 5.835521020746198
center_lr_multiplier: 1.0
config_version: hyper3295_sub12_fit-human
from_logits: true
lr: 0.7967291122906139
num_clusters: 8
num_repetitions: 16
num_subs: 23
q: 1
r: 2
random_seed: 999
specificity: 0.39281859571212485
temp1: equivalent
temp2: 0.6041764885646281
thr: 0.5538640305396783
trainable_specificity: false
unsup_rule: threshold
