Phi: 23.145629135348816
actv_func: softmax
asso_lr_multiplier: 0.9999997993088448
attn_constraint: sumtoone
attn_lr_multiplier: 5.040806433335963
beta: 6.553937467065339
center_lr_multiplier: 1.0000000773455981
config_version: best_config_sub19
from_logits: true
lr: 0.2990893130172732
num_clusters: 8
num_repetitions: 16
num_subs: 23
q: 1
r: 2
random_seed: 999
specificity: 0.3021305255263738
temp1: equivalent
temp2: 0.7056943101269701
thr: -0.35318586071353847
trainable_specificity: false
unsup_rule: threshold
