Phi: 11.440035629366257
actv_func: softmax
asso_lr_multiplier: 1.0
attn_constraint: sumtoone
attn_lr_multiplier: 1.0
beta: 5.546631311284594
center_lr_multiplier: 1.0
config_version: hyper3269_sub18_fit-human
from_logits: true
lr: 0.6048437114600216
num_clusters: 8
num_repetitions: 16
num_subs: 23
q: 1
r: 2
random_seed: 999
specificity: 0.7163088288113872
temp1: equivalent
temp2: 0.60109482128739
thr: 0.6754452637624648
trainable_specificity: false
unsup_rule: threshold
