Phi: 14.989005334558927
actv_func: softmax
asso_lr_multiplier: 1.0
attn_constraint: sumtoone
attn_lr_multiplier: 0.99960216011748
beta: 5.997851495471426
center_lr_multiplier: 1.0
config_version: best_config_sub12
from_logits: true
lr: 0.6002591292149411
num_clusters: 8
num_repetitions: 16
num_subs: 23
q: 1
r: 2
random_seed: 999
specificity: 0.3000856541080965
temp1: equivalent
temp2: 0.5999709004403793
thr: -0.5005367353811953
trainable_specificity: false
unsup_rule: threshold
