Phi: 12.042835742935235
actv_func: softmax
asso_lr_multiplier: 0.9999994393954834
attn_constraint: sumtoone
attn_lr_multiplier: 1.0249964928309039
beta: 1.003572007175338
center_lr_multiplier: 0.9999998402931871
config_version: best_config_sub13
from_logits: true
lr: 1.2042867575757108
num_clusters: 8
num_repetitions: 16
num_subs: 23
q: 1
r: 2
random_seed: 999
specificity: 0.10035694777919633
temp1: equivalent
temp2: 0.012042851353401142
thr: -0.30107199032554643
trainable_specificity: false
unsup_rule: threshold
