Phi: 19.91235818442371
actv_func: softmax
asso_lr_multiplier: 1.0
attn_constraint: sumtoone
attn_lr_multiplier: 5.0
beta: 5.252083869081419
center_lr_multiplier: 1.0
config_version: hyper657_sub15_fit-human
from_logits: true
lr: 0.10230290269667103
num_clusters: 8
num_repetitions: 16
num_subs: 23
q: 1
r: 2
random_seed: 999
specificity: 0.40343415385937453
temp1: equivalent
temp2: 0.39369332966975334
thr: 0.6007078539472612
trainable_specificity: false
unsup_rule: threshold
