Phi: 13.0933719417318
actv_func: softmax
asso_lr_multiplier: 1.0
attn_constraint: sumtoone
attn_lr_multiplier: 5.0
beta: 6.335521020746198
center_lr_multiplier: 1.0
config_version: hyper491_sub12_fit-human
from_logits: true
lr: 0.39672911229061397
num_clusters: 8
num_repetitions: 16
num_subs: 23
q: 1
r: 2
random_seed: 999
specificity: 0.19281859571212487
temp1: equivalent
temp2: 0.7041764885646281
thr: 0.5538640305396783
trainable_specificity: false
unsup_rule: threshold
