Phi: 17.0933719417318
actv_func: softmax
asso_lr_multiplier: 1.0
attn_constraint: sumtoone
attn_lr_multiplier: 0.5
beta: 6.335521020746198
center_lr_multiplier: 1.0
config_version: hyper3100_sub12_fit-human
from_logits: true
lr: 0.7967291122906139
num_clusters: 8
num_repetitions: 16
num_subs: 23
q: 1
r: 2
random_seed: 999
specificity: 0.19281859571212487
temp1: equivalent
temp2: 0.6041764885646281
thr: 0.4538640305396782
trainable_specificity: false
unsup_rule: threshold
