Phi: 23.20146400071707
actv_func: softmax
asso_lr_multiplier: 1.0
attn_constraint: sumtoone
attn_lr_multiplier: 0.5
beta: 6.0382469894776385
center_lr_multiplier: 1.0
config_version: hyper1603_sub19_fit-human
from_logits: true
lr: 0.29864155438689194
num_clusters: 8
num_repetitions: 16
num_subs: 23
q: 1
r: 2
random_seed: 999
specificity: 0.40166954088169793
temp1: equivalent
temp2: 0.7325772032241087
thr: 0.35519818933017155
trainable_specificity: false
unsup_rule: threshold
