Phi: 17.990308370850276
actv_func: softmax
asso_lr_multiplier: 1.0
attn_constraint: sumtoone
attn_lr_multiplier: 1.0004996926916827
beta: 5.49804641373888
center_lr_multiplier: 1.0
config_version: best_config_sub15
from_logits: true
lr: 0.3002285252789083
num_clusters: 8
num_repetitions: 16
num_subs: 23
q: 1
r: 2
random_seed: 999
specificity: 0.49964094744234355
temp1: equivalent
temp2: 0.5001885794087901
thr: -0.6006979919991978
trainable_specificity: false
unsup_rule: threshold
