Phi: 23.002604088896383
actv_func: softmax
asso_lr_multiplier: 1.0
attn_constraint: sumtoone
attn_lr_multiplier: 5.0
beta: 4.55317117618029
center_lr_multiplier: 1.0
config_version: hyper712_sub08_fit-human
from_logits: true
lr: 0.09531762425142559
num_clusters: 8
num_repetitions: 16
num_subs: 23
q: 1
r: 2
random_seed: 999
specificity: 0.6003372740956989
temp1: equivalent
temp2: 0.8219181080799517
thr: 0.4496584453483802
trainable_specificity: false
unsup_rule: threshold
