Phi: 23.0286570473977
actv_func: softmax
asso_lr_multiplier: 1.0
attn_constraint: sumtoone
attn_lr_multiplier: 0.5
beta: 4.992182891392098
center_lr_multiplier: 1.0
config_version: hyper226_sub23_fit-human
from_logits: true
lr: 0.2956760945849309
num_clusters: 8
num_repetitions: 16
num_subs: 23
q: 1
r: 2
random_seed: 999
specificity: 0.6068063948176025
temp1: equivalent
temp2: 0.5963980576795016
thr: 0.54853142945206
trainable_specificity: false
unsup_rule: threshold
