Phi: 8.24167244386674
actv_func: softmax
asso_lr_multiplier: 1.0
attn_constraint: sumtoone
attn_lr_multiplier: 1.0
beta: 4.2081071972503645
center_lr_multiplier: 1.0
config_version: hyper1177_sub20_fit-human
from_logits: true
lr: 0.037370070303428524
num_clusters: 8
num_repetitions: 16
num_subs: 23
q: 1
r: 2
random_seed: 999
specificity: 3.2028511230288963
temp1: equivalent
temp2: 0.16100690774699325
thr: 0.6843354384531488
trainable_specificity: false
unsup_rule: threshold
