Phi: 15.91235818442371
actv_func: softmax
asso_lr_multiplier: 1.0
attn_constraint: sumtoone
attn_lr_multiplier: 1.0
beta: 6.252083869081419
center_lr_multiplier: 1.0
config_version: hyper1718_sub15_fit-human
from_logits: true
lr: 0.30230290269667104
num_clusters: 8
num_repetitions: 16
num_subs: 23
q: 1
r: 2
random_seed: 999
specificity: 0.40343415385937453
temp1: equivalent
temp2: 0.5936933296697533
thr: 0.6007078539472612
trainable_specificity: false
unsup_rule: threshold
