Phi: 9.440035629366257
actv_func: softmax
asso_lr_multiplier: 1.0
attn_constraint: sumtoone
attn_lr_multiplier: 1.0
beta: 6.046631311284594
center_lr_multiplier: 1.0
config_version: hyper3225_sub18_fit-human
from_logits: true
lr: 0.6048437114600216
num_clusters: 8
num_repetitions: 16
num_subs: 23
q: 1
r: 2
random_seed: 999
specificity: 0.8163088288113872
temp1: equivalent
temp2: 0.40109482128739005
thr: 0.6254452637624648
trainable_specificity: false
unsup_rule: threshold
