Phi: 18.563607067117797
actv_func: softmax
asso_lr_multiplier: 1.0
attn_constraint: sumtoone
attn_lr_multiplier: 0.5034575806986988
beta: 4.52646627690765
center_lr_multiplier: 1.0
config_version: best_config_sub02
from_logits: true
lr: 0.40266795361000673
num_clusters: 8
num_repetitions: 16
num_subs: 23
q: 1
r: 2
random_seed: 999
specificity: 0.603874562054781
temp1: equivalent
temp2: 0.4028241689073818
thr: -0.50364387547473
trainable_specificity: false
unsup_rule: threshold
