Phi: 12.998398476361118
actv_func: softmax
asso_lr_multiplier: 1.0000444226739476
attn_constraint: sumtoone
attn_lr_multiplier: 1.000233673871644
beta: 3.5006877347647825
center_lr_multiplier: 0.9999228947774613
config_version: best_config_sub07
from_logits: true
lr: 0.9004572067495247
num_clusters: 8
num_repetitions: 16
num_subs: 23
q: 1
r: 2
random_seed: 999
specificity: 0.4998330007007517
temp1: equivalent
temp2: 0.7000702167409523
thr: -0.44995489537396094
trainable_specificity: false
unsup_rule: threshold
