Phi: 20.977933877395262
actv_func: softmax
asso_lr_multiplier: 1.0
attn_constraint: sumtoone
attn_lr_multiplier: 0.9999719002225309
beta: 5.498057636157359
center_lr_multiplier: 1.0
config_version: best_config_sub23
from_logits: true
lr: 0.5011132861165855
num_clusters: 8
num_repetitions: 16
num_subs: 23
q: 1
r: 2
random_seed: 999
specificity: 0.5003333042579791
temp1: equivalent
temp2: 0.6001071574639918
thr: -0.5496117571224843
trainable_specificity: false
unsup_rule: threshold
