Phi: 17.886853650995825
actv_func: softmax
asso_lr_multiplier: 1.0
attn_constraint: sumtoone
attn_lr_multiplier: 0.5
beta: 4.515675135957265
center_lr_multiplier: 1.0
config_version: hyper1571_sub10_fit-human
from_logits: true
lr: 0.3011382248121247
num_clusters: 8
num_repetitions: 16
num_subs: 23
q: 1
r: 2
random_seed: 999
specificity: 0.6019726354097322
temp1: equivalent
temp2: 0.4014620985463977
thr: 0.5053424814562232
trainable_specificity: false
unsup_rule: threshold
