Phi: 17.0579569393803
actv_func: softmax
asso_lr_multiplier: 1.0
attn_constraint: sumtoone
attn_lr_multiplier: 5.0
beta: 4.984413990376332
center_lr_multiplier: 1.0
config_version: hyper3634_sub14_fit-human
from_logits: true
lr: 0.7016532519073109
num_clusters: 8
num_repetitions: 16
num_subs: 23
q: 1
r: 2
random_seed: 999
specificity: 0.601403310307209
temp1: equivalent
temp2: 0.39965178138497215
thr: 0.5485481883231338
trainable_specificity: false
unsup_rule: threshold
