Phi: 12.972109269097743
actv_func: softmax
asso_lr_multiplier: 1.0
attn_constraint: sumtoone
attn_lr_multiplier: 1.0
beta: 4.118014980429093
center_lr_multiplier: 1.0
config_version: hyper3236_sub21_fit-human
from_logits: true
lr: 0.6958718218931861
num_clusters: 8
num_repetitions: 16
num_subs: 23
q: 1
r: 2
random_seed: 999
specificity: 0.8108636531139656
temp1: equivalent
temp2: 0.4000637893365061
thr: 0.5073553900793655
trainable_specificity: false
unsup_rule: threshold
