Phi: 23.445747432014123
actv_func: softmax
asso_lr_multiplier: 1.0000001586884877
attn_constraint: sumtoone
attn_lr_multiplier: 4.746682048423294
beta: 5.082461847151768
center_lr_multiplier: 1.0000005217825767
config_version: best_config_sub04
from_logits: true
lr: 0.20587538801371225
num_clusters: 8
num_repetitions: 16
num_subs: 23
q: 1
r: 2
random_seed: 999
specificity: 0.606894086549349
temp1: equivalent
temp2: 0.7104562872641146
thr: -0.4605363964397481
trainable_specificity: false
unsup_rule: threshold
