Phi: 12.034350006745022
actv_func: softmax
asso_lr_multiplier: 1.0
attn_constraint: sumtoone
attn_lr_multiplier: 0.490739730443172
beta: 5.95257182764615
center_lr_multiplier: 1.0
config_version: best_config_sub16
from_logits: true
lr: 0.30495430087444175
num_clusters: 8
num_repetitions: 16
num_subs: 23
q: 1
r: 2
random_seed: 999
specificity: 0.7667794339256606
temp1: equivalent
temp2: 0.5135358831651433
thr: -0.6170435803533376
trainable_specificity: false
unsup_rule: threshold
