Phi: 25.623848504843078
actv_func: softmax
asso_lr_multiplier: 1.0
attn_constraint: sumtoone
attn_lr_multiplier: 5.0
beta: 4.671044574037129
center_lr_multiplier: 1.0
config_version: hyper2169_sub04_fit-human
from_logits: true
lr: 0.20849886801702244
num_clusters: 8
num_repetitions: 16
num_subs: 23
q: 1
r: 2
random_seed: 999
specificity: 0.7021181723618023
temp1: equivalent
temp2: 0.6206009697668525
thr: 0.47072028434318847
trainable_specificity: false
unsup_rule: threshold
