Phi: 20.238395424083
actv_func: softmax
asso_lr_multiplier: 1.0
attn_constraint: sumtoone
attn_lr_multiplier: 1.0
beta: 4.583908066634788
center_lr_multiplier: 1.0
config_version: hyper1084_sub02_fit-human
from_logits: true
lr: 0.30103712220693235
num_clusters: 8
num_repetitions: 16
num_subs: 23
q: 1
r: 2
random_seed: 999
specificity: 0.6039086005282546
temp1: equivalent
temp2: 0.3998350443805472
thr: 0.5524592809863879
trainable_specificity: false
unsup_rule: threshold
