Phi: 9.440035629366257
actv_func: softmax
asso_lr_multiplier: 1.0
attn_constraint: sumtoone
attn_lr_multiplier: 0.5
beta: 5.546631311284594
center_lr_multiplier: 1.0
config_version: hyper2223_sub18_fit-human
from_logits: true
lr: 0.5048437114600215
num_clusters: 8
num_repetitions: 16
num_subs: 23
q: 1
r: 2
random_seed: 999
specificity: 0.7163088288113872
temp1: equivalent
temp2: 0.40109482128739005
thr: 0.6254452637624648
trainable_specificity: false
unsup_rule: threshold
