Phi: 10.74990436422717
actv_func: softmax
asso_lr_multiplier: 1.0
attn_constraint: sumtoone
attn_lr_multiplier: 1.0
beta: 6.30113455256306
center_lr_multiplier: 1.0
config_version: hyper2584_sub16_fit-human
from_logits: true
lr: 0.43201898190823873
num_clusters: 8
num_repetitions: 16
num_subs: 23
q: 1
r: 2
random_seed: 999
specificity: 0.9398677093357746
temp1: equivalent
temp2: 0.5161877644017997
thr: 0.6493717159033384
trainable_specificity: false
unsup_rule: threshold
