Phi: 12.018327986974871
actv_func: softmax
asso_lr_multiplier: 1.0
attn_constraint: sumtoone
attn_lr_multiplier: 5.0
beta: 5.495772230015218
center_lr_multiplier: 1.0
config_version: hyper2052_sub06_fit-human
from_logits: true
lr: 0.7995923023478917
num_clusters: 8
num_repetitions: 16
num_subs: 23
q: 1
r: 2
random_seed: 999
specificity: 0.7000482373529062
temp1: equivalent
temp2: 0.6033294691511332
thr: 0.6001759203989208
trainable_specificity: false
unsup_rule: threshold
