Phi: 3.689595558458143
actv_func: softmax
asso_lr_multiplier: 1.0
attn_constraint: sumtoone
attn_lr_multiplier: 1.0
beta: 5.778604637378268
center_lr_multiplier: 1.0
config_version: hyper1058_sub05_fit-human
from_logits: true
lr: 0.013656567160926752
num_clusters: 8
num_repetitions: 16
num_subs: 23
q: 1
r: 2
random_seed: 999
specificity: 1.4616931181128359
temp1: equivalent
temp2: 0.11258280867150679
thr: 0.5593500651093561
trainable_specificity: false
unsup_rule: threshold
