Phi: 19.00145967313813
actv_func: softmax
asso_lr_multiplier: 1.000003050138427
attn_constraint: sumtoone
attn_lr_multiplier: 0.9997795002662756
beta: 4.501092114586849
center_lr_multiplier: 0.9999974982148017
config_version: best_config_sub03
from_logits: true
lr: 0.39992215326519254
num_clusters: 8
num_repetitions: 16
num_subs: 23
q: 1
r: 2
random_seed: 999
specificity: 0.7999586682208395
temp1: equivalent
temp2: 0.700264097014081
thr: -0.5504156624171226
trainable_specificity: false
unsup_rule: threshold
