Phi: 15.91235818442371
actv_func: softmax
asso_lr_multiplier: 1.0
attn_constraint: sumtoone
attn_lr_multiplier: 1.0
beta: 6.252083869081419
center_lr_multiplier: 1.0
config_version: hyper276_sub15_fit-human
from_logits: true
lr: 0.10230290269667103
num_clusters: 8
num_repetitions: 16
num_subs: 23
q: 1
r: 2
random_seed: 999
specificity: 0.5034341538593745
temp1: equivalent
temp2: 0.39369332966975334
thr: 0.6507078539472613
trainable_specificity: false
unsup_rule: threshold
