Phi: 18.50902176365386
actv_func: softmax
asso_lr_multiplier: 1.0
attn_constraint: sumtoone
attn_lr_multiplier: 1.0
beta: 5.752421213736403
center_lr_multiplier: 1.0
config_version: hyper3309_sub22_fit-human
from_logits: true
lr: 0.4053605931426376
num_clusters: 8
num_repetitions: 16
num_subs: 23
q: 1
r: 2
random_seed: 999
specificity: 0.7504447568918494
temp1: equivalent
temp2: 0.2863445818071918
thr: 0.5014268706928711
trainable_specificity: false
unsup_rule: threshold
