Phi: 16.026801699317364
actv_func: softmax
asso_lr_multiplier: 1.0
attn_constraint: sumtoone
attn_lr_multiplier: 1.0
beta: 5.501925623365295
center_lr_multiplier: 1.0
config_version: hyper3211_sub11_fit-human
from_logits: true
lr: 0.6058099918795437
num_clusters: 8
num_repetitions: 16
num_subs: 23
q: 1
r: 2
random_seed: 999
specificity: 0.3070344432118353
temp1: equivalent
temp2: 0.6074028475597699
thr: 0.31102263525078405
trainable_specificity: false
unsup_rule: threshold
